          1        2        3        4        5        6        7        8        9
2  1.421829                                                                        
3  1.378202 1.031655                                                               
4  1.099294 1.563008 1.515050                                                      
5  1.461894 2.078563 2.014785 1.329848                                             
6  1.102931 1.289137 1.249582 1.212445 1.612367                                    
7  1.226105 1.743312 1.689821 1.115357 1.192307 1.352309                           
8  1.524504 2.167584 2.101075 1.386803 1.042828 1.681422 1.243372                  
9  1.322062 1.075463 1.042464 1.453335 1.932714 1.198681 1.620987 2.015489         
10 1.128782 1.604935 1.555690 1.026824 1.295107 1.244968 1.086220 1.350575 1.492319
